0.000000000000000000e+00 0.000000000000000000e+00 0.000000000000000000e+00
1.000000000000000021e-03 2.056650000000000145e-02 0.000000000000000000e+00
2.000000000000000042e-03 7.497399999999999898e-02 0.000000000000000000e+00
3.000000000000000062e-03 1.681860000000000022e-01 0.000000000000000000e+00
4.000000000000000083e-03 3.023290000000000144e-01 0.000000000000000000e+00
5.000000000000000104e-03 4.563909999999999911e-01 0.000000000000000000e+00
6.000000000000000125e-03 6.553130000000000344e-01 0.000000000000000000e+00
7.000000000000000146e-03 9.012329999999999508e-01 0.000000000000000000e+00
8.000000000000000167e-03 1.197719999999999896e+00 0.000000000000000000e+00
8.999999999999999320e-03 1.547749999999999959e+00 0.000000000000000000e+00
1.000000000000000021e-02 1.954870000000000108e+00 0.000000000000000000e+00
1.099999999999999936e-02 2.422689999999999788e+00 0.000000000000000000e+00
1.200000000000000025e-02 2.955049999999999955e+00 0.000000000000000000e+00
1.299999999999999940e-02 3.555870000000000086e+00 0.000000000000000000e+00
1.400000000000000029e-02 4.229210000000000136e+00 0.000000000000000000e+00
1.499999999999999944e-02 4.979199999999999626e+00 0.000000000000000000e+00
1.600000000000000033e-02 5.810010000000000119e+00 0.000000000000000000e+00
1.700000000000000122e-02 6.725869999999999571e+00 0.000000000000000000e+00
1.799999999999999864e-02 7.730990000000000251e+00 0.000000000000000000e+00
1.899999999999999953e-02 8.829510000000000858e+00 0.000000000000000000e+00
2.000000000000000042e-02 1.002549999999999919e+01 0.000000000000000000e+00
2.100000000000000130e-02 1.132300000000000040e+01 0.000000000000000000e+00
2.199999999999999872e-02 1.272579999999999956e+01 0.000000000000000000e+00
2.299999999999999961e-02 1.423750000000000071e+01 0.000000000000000000e+00
2.400000000000000050e-02 1.586149999999999949e+01 0.000000000000000000e+00
2.500000000000000139e-02 1.760119999999999862e+01 0.000000000000000000e+00
2.599999999999999881e-02 1.945929999999999893e+01 0.000000000000000000e+00
2.699999999999999969e-02 2.143860000000000099e+01 0.000000000000000000e+00
2.800000000000000058e-02 2.354129999999999967e+01 0.000000000000000000e+00
2.900000000000000147e-02 2.576930000000000121e+01 0.000000000000000000e+00
2.999999999999999889e-02 2.812419999999999831e+01 0.000000000000000000e+00
3.099999999999999978e-02 3.060729999999999862e+01 0.000000000000000000e+00
3.200000000000000067e-02 3.321929999999999694e+01 0.000000000000000000e+00
3.300000000000000155e-02 3.596070000000000277e+01 0.000000000000000000e+00
3.400000000000000244e-02 3.883149999999999835e+01 0.000000000000000000e+00
3.500000000000000333e-02 4.183140000000000214e+01 0.000000000000000000e+00
3.599999999999999728e-02 4.495940000000000225e+01 0.000000000000000000e+00
3.699999999999999817e-02 4.821459999999999724e+01 0.000000000000000000e+00
3.799999999999999906e-02 5.159550000000000125e+01 0.000000000000000000e+00
3.899999999999999994e-02 5.510029999999999717e+01 0.000000000000000000e+00
4.000000000000000083e-02 5.872679999999999723e+01 0.000000000000000000e+00
4.100000000000000172e-02 6.247249999999999659e+01 0.000000000000000000e+00
4.200000000000000261e-02 6.633509999999999707e+01 0.000000000000000000e+00
4.299999999999999656e-02 7.031149999999999523e+01 0.000000000000000000e+00
4.399999999999999745e-02 7.439870000000000516e+01 0.000000000000000000e+00
4.499999999999999833e-02 7.859359999999999502e+01 0.000000000000000000e+00
4.599999999999999922e-02 8.289279999999999404e+01 0.000000000000000000e+00
4.700000000000000011e-02 8.729300000000000637e+01 0.000000000000000000e+00
4.800000000000000100e-02 9.179089999999999350e+01 0.000000000000000000e+00
4.900000000000000189e-02 9.638299999999999557e+01 0.000000000000000000e+00
5.000000000000000278e-02 1.010660000000000025e+02 0.000000000000000000e+00
5.099999999999999672e-02 1.058359999999999985e+02 0.000000000000000000e+00
5.199999999999999761e-02 1.106910000000000025e+02 0.000000000000000000e+00
5.299999999999999850e-02 1.156280000000000001e+02 0.000000000000000000e+00
5.399999999999999939e-02 1.206419999999999959e+02 0.000000000000000000e+00
5.500000000000000028e-02 1.257319999999999993e+02 0.000000000000000000e+00
5.600000000000000117e-02 1.308950000000000102e+02 0.000000000000000000e+00
5.700000000000000205e-02 1.361279999999999859e+02 0.000000000000000000e+00
5.800000000000000294e-02 1.414300000000000068e+02 0.000000000000000000e+00
5.899999999999999689e-02 1.467980000000000018e+02 0.000000000000000000e+00
5.999999999999999778e-02 1.522299999999999898e+02 0.000000000000000000e+00
6.099999999999999867e-02 1.577239999999999895e+02 0.000000000000000000e+00
6.199999999999999956e-02 1.632800000000000011e+02 0.000000000000000000e+00
6.300000000000000044e-02 1.688959999999999866e+02 0.000000000000000000e+00
6.400000000000000133e-02 1.745699999999999932e+02 0.000000000000000000e+00
6.500000000000000222e-02 1.803029999999999973e+02 0.000000000000000000e+00
6.600000000000000311e-02 1.860939999999999941e+02 0.000000000000000000e+00
6.700000000000000400e-02 1.919410000000000025e+02 0.000000000000000000e+00
6.800000000000000488e-02 1.978449999999999989e+02 0.000000000000000000e+00
6.900000000000000577e-02 2.038060000000000116e+02 0.000000000000000000e+00
7.000000000000000666e-02 2.098230000000000075e+02 0.000000000000000000e+00
7.099999999999999367e-02 2.158969999999999914e+02 0.000000000000000000e+00
7.199999999999999456e-02 2.220289999999999964e+02 0.000000000000000000e+00
7.299999999999999545e-02 2.282170000000000130e+02 0.000000000000000000e+00
7.399999999999999634e-02 2.344629999999999939e+02 0.000000000000000000e+00
7.499999999999999722e-02 2.407669999999999959e+02 0.000000000000000000e+00
7.599999999999999811e-02 2.471299999999999955e+02 0.000000000000000000e+00
7.699999999999999900e-02 2.535529999999999973e+02 0.000000000000000000e+00
7.799999999999999989e-02 2.600360000000000014e+02 0.000000000000000000e+00
7.900000000000000078e-02 2.665790000000000077e+02 0.000000000000000000e+00
8.000000000000000167e-02 2.731840000000000259e+02 0.000000000000000000e+00
8.100000000000000255e-02 2.798720000000000141e+02 0.000000000000000000e+00
8.200000000000000344e-02 2.866030000000000086e+02 0.000000000000000000e+00
8.300000000000000433e-02 2.933969999999999914e+02 0.000000000000000000e+00
8.400000000000000522e-02 3.002559999999999718e+02 0.000000000000000000e+00
8.500000000000000611e-02 3.071779999999999973e+02 0.000000000000000000e+00
8.599999999999999312e-02 3.141669999999999732e+02 0.000000000000000000e+00
8.699999999999999400e-02 3.212210000000000036e+02 0.000000000000000000e+00
8.799999999999999489e-02 3.283410000000000082e+02 0.000000000000000000e+00
8.899999999999999578e-02 3.355269999999999868e+02 0.000000000000000000e+00
8.999999999999999667e-02 3.427799999999999727e+02 0.000000000000000000e+00
9.099999999999999756e-02 3.501000000000000227e+02 0.000000000000000000e+00
9.199999999999999845e-02 3.574859999999999900e+02 0.000000000000000000e+00
9.299999999999999933e-02 3.649399999999999977e+02 0.000000000000000000e+00
9.400000000000000022e-02 3.724599999999999795e+02 0.000000000000000000e+00
9.500000000000000111e-02 3.800459999999999923e+02 0.000000000000000000e+00
9.600000000000000200e-02 3.876990000000000123e+02 0.000000000000000000e+00
9.700000000000000289e-02 3.954169999999999732e+02 0.000000000000000000e+00
9.800000000000000377e-02 4.031990000000000123e+02 0.000000000000000000e+00
9.900000000000000466e-02 4.110459999999999923e+02 0.000000000000000000e+00
1.000000000000000056e-01 4.189560000000000173e+02 0.000000000000000000e+00
1.010000000000000064e-01 4.269279999999999973e+02 0.000000000000000000e+00
1.019999999999999934e-01 4.349610000000000127e+02 0.000000000000000000e+00
1.029999999999999943e-01 4.430529999999999973e+02 0.000000000000000000e+00
1.039999999999999952e-01 4.512040000000000077e+02 0.000000000000000000e+00
1.049999999999999961e-01 4.593910000000000196e+02 0.000000000000000000e+00
1.059999999999999970e-01 4.676549999999999727e+02 0.000000000000000000e+00
1.069999999999999979e-01 4.759719999999999800e+02 0.000000000000000000e+00
1.079999999999999988e-01 4.843419999999999845e+02 0.000000000000000000e+00
1.089999999999999997e-01 4.927599999999999909e+02 0.000000000000000000e+00
1.100000000000000006e-01 5.012259999999999991e+02 0.000000000000000000e+00
1.110000000000000014e-01 5.097370000000000232e+02 0.000000000000000000e+00
1.120000000000000023e-01 5.182910000000000537e+02 0.000000000000000000e+00
1.130000000000000032e-01 5.268849999999999909e+02 0.000000000000000000e+00
1.140000000000000041e-01 5.355170000000000528e+02 0.000000000000000000e+00
1.150000000000000050e-01 5.441829999999999927e+02 0.000000000000000000e+00
1.160000000000000059e-01 5.528830000000000382e+02 0.000000000000000000e+00
1.170000000000000068e-01 5.616109999999999900e+02 0.000000000000000000e+00
1.179999999999999938e-01 5.703659999999999854e+02 0.000000000000000000e+00
1.189999999999999947e-01 5.791449999999999818e+02 0.000000000000000000e+00
1.199999999999999956e-01 5.879450000000000500e+02 0.000000000000000000e+00
1.209999999999999964e-01 5.967619999999999436e+02 0.000000000000000000e+00
1.219999999999999973e-01 6.055940000000000509e+02 0.000000000000000000e+00
1.229999999999999982e-01 6.144370000000000118e+02 0.000000000000000000e+00
1.239999999999999991e-01 6.232880000000000109e+02 0.000000000000000000e+00
1.250000000000000000e-01 6.321449999999999818e+02 0.000000000000000000e+00
1.260000000000000009e-01 6.410030000000000427e+02 0.000000000000000000e+00
1.270000000000000018e-01 6.498600000000000136e+02 0.000000000000000000e+00
1.280000000000000027e-01 6.587129999999999654e+02 0.000000000000000000e+00
1.290000000000000036e-01 6.675579999999999927e+02 0.000000000000000000e+00
1.300000000000000044e-01 6.763920000000000528e+02 0.000000000000000000e+00
1.310000000000000053e-01 6.852119999999999891e+02 0.000000000000000000e+00
1.320000000000000062e-01 6.940149999999999864e+02 0.000000000000000000e+00
1.330000000000000071e-01 7.027649999999999864e+02 0.000000000000000000e+00
1.340000000000000080e-01 7.115230000000000246e+02 0.000000000000000000e+00
1.350000000000000089e-01 7.202540000000000191e+02 0.000000000000000000e+00
1.360000000000000098e-01 7.289560000000000173e+02 0.000000000000000000e+00
1.370000000000000107e-01 7.376269999999999527e+02 0.000000000000000000e+00
1.380000000000000115e-01 7.462619999999999436e+02 0.000000000000000000e+00
1.390000000000000124e-01 7.548600000000000136e+02 0.000000000000000000e+00
1.400000000000000133e-01 7.634170000000000300e+02 0.000000000000000000e+00
1.409999999999999865e-01 7.719310000000000400e+02 0.000000000000000000e+00
1.419999999999999873e-01 7.803999999999999773e+02 0.000000000000000000e+00
1.429999999999999882e-01 7.888200000000000500e+02 0.000000000000000000e+00
1.439999999999999891e-01 7.971889999999999645e+02 0.000000000000000000e+00
1.449999999999999900e-01 8.055059999999999718e+02 0.000000000000000000e+00
1.459999999999999909e-01 8.137680000000000291e+02 0.000000000000000000e+00
1.469999999999999918e-01 8.219719999999999800e+02 0.000000000000000000e+00
1.479999999999999927e-01 8.301159999999999854e+02 0.000000000000000000e+00
1.489999999999999936e-01 8.381989999999999554e+02 0.000000000000000000e+00
1.499999999999999944e-01 8.462190000000000509e+02 0.000000000000000000e+00
1.509999999999999953e-01 8.541730000000000018e+02 0.000000000000000000e+00
1.519999999999999962e-01 8.620589999999999691e+02 0.000000000000000000e+00
1.529999999999999971e-01 8.698769999999999527e+02 0.000000000000000000e+00
1.539999999999999980e-01 8.776250000000000000e+02 0.000000000000000000e+00
1.549999999999999989e-01 8.852999999999999545e+02 0.000000000000000000e+00
1.559999999999999998e-01 8.929020000000000437e+02 0.000000000000000000e+00
1.570000000000000007e-01 9.004289999999999736e+02 0.000000000000000000e+00
1.580000000000000016e-01 9.078790000000000191e+02 0.000000000000000000e+00
1.590000000000000024e-01 9.152519999999999527e+02 0.000000000000000000e+00
1.600000000000000033e-01 9.225470000000000255e+02 0.000000000000000000e+00
1.610000000000000042e-01 9.297609999999999673e+02 0.000000000000000000e+00
1.620000000000000051e-01 9.368949999999999818e+02 0.000000000000000000e+00
1.630000000000000060e-01 9.439479999999999791e+02 0.000000000000000000e+00
1.640000000000000069e-01 9.509170000000000300e+02 0.000000000000000000e+00
1.650000000000000078e-01 9.578029999999999973e+02 0.000000000000000000e+00
1.660000000000000087e-01 9.646050000000000182e+02 0.000000000000000000e+00
1.670000000000000095e-01 9.713220000000000027e+02 0.000000000000000000e+00
1.680000000000000104e-01 9.779539999999999509e+02 0.000000000000000000e+00
1.690000000000000113e-01 9.845000000000000000e+02 0.000000000000000000e+00
1.700000000000000122e-01 9.909579999999999700e+02 0.000000000000000000e+00
1.710000000000000131e-01 9.973300000000000409e+02 0.000000000000000000e+00
1.719999999999999862e-01 1.003610000000000014e+03 0.000000000000000000e+00
1.729999999999999871e-01 1.009809999999999945e+03 0.000000000000000000e+00
1.739999999999999880e-01 1.015919999999999959e+03 0.000000000000000000e+00
1.749999999999999889e-01 1.021940000000000055e+03 0.000000000000000000e+00
1.759999999999999898e-01 1.027869999999999891e+03 0.000000000000000000e+00
1.769999999999999907e-01 1.033710000000000036e+03 0.000000000000000000e+00
1.779999999999999916e-01 1.039470000000000027e+03 0.000000000000000000e+00
1.789999999999999925e-01 1.045130000000000109e+03 0.000000000000000000e+00
1.799999999999999933e-01 1.050700000000000045e+03 0.000000000000000000e+00
1.809999999999999942e-01 1.056190000000000055e+03 0.000000000000000000e+00
1.819999999999999951e-01 1.061670000000000073e+03 0.000000000000000000e+00
1.829999999999999960e-01 1.066890000000000100e+03 0.000000000000000000e+00
1.839999999999999969e-01 1.072190000000000055e+03 0.000000000000000000e+00
1.849999999999999978e-01 1.077240000000000009e+03 0.000000000000000000e+00
1.859999999999999987e-01 1.082359999999999900e+03 0.000000000000000000e+00
1.869999999999999996e-01 1.087230000000000018e+03 0.000000000000000000e+00
1.880000000000000004e-01 1.092170000000000073e+03 0.000000000000000000e+00
1.890000000000000013e-01 1.096940000000000055e+03 0.000000000000000000e+00
1.900000000000000022e-01 1.101630000000000109e+03 0.000000000000000000e+00
1.910000000000000031e-01 1.106220000000000027e+03 0.000000000000000000e+00
1.920000000000000040e-01 1.110730000000000018e+03 0.000000000000000000e+00
1.930000000000000049e-01 1.115150000000000091e+03 0.000000000000000000e+00
1.940000000000000058e-01 1.119490000000000009e+03 0.000000000000000000e+00
1.950000000000000067e-01 1.123740000000000009e+03 0.000000000000000000e+00
1.960000000000000075e-01 1.127900000000000091e+03 0.000000000000000000e+00
1.970000000000000084e-01 1.131980000000000018e+03 0.000000000000000000e+00
1.980000000000000093e-01 1.135970000000000027e+03 0.000000000000000000e+00
1.990000000000000102e-01 1.139880000000000109e+03 0.000000000000000000e+00
2.000000000000000111e-01 1.143710000000000036e+03 0.000000000000000000e+00
2.010000000000000120e-01 1.149960000000000036e+03 1.800000000000000113e-04
2.020000000000000129e-01 1.160529999999999973e+03 7.200000000000000453e-04
2.030000000000000138e-01 1.175759999999999991e+03 1.618999999999999996e-03
2.039999999999999869e-01 1.195390000000000100e+03 2.876000000000000084e-03
2.049999999999999878e-01 1.219289999999999964e+03 4.487999999999999802e-03
2.059999999999999887e-01 1.247400000000000091e+03 6.454999999999999800e-03
2.069999999999999896e-01 1.279569999999999936e+03 8.772000000000000283e-03
2.079999999999999905e-01 1.315880000000000109e+03 1.143699999999999925e-02
2.089999999999999913e-01 1.357049999999999955e+03 1.444600000000000051e-02
2.099999999999999922e-01 1.403130000000000109e+03 1.779499999999999832e-02
2.109999999999999931e-01 1.454009999999999991e+03 2.147900000000000156e-02
2.119999999999999940e-01 1.509740000000000009e+03 2.549299999999999830e-02
2.129999999999999949e-01 1.570259999999999991e+03 2.983099999999999988e-02
2.139999999999999958e-01 1.635519999999999982e+03 3.448799999999999782e-02
2.149999999999999967e-01 1.705460000000000036e+03 3.945699999999999902e-02
2.159999999999999976e-01 1.779759999999999991e+03 4.473200000000000093e-02
2.169999999999999984e-01 1.858779999999999973e+03 5.030599999999999655e-02
2.179999999999999993e-01 1.942269999999999982e+03 5.616999999999999771e-02
2.190000000000000002e-01 2.030019999999999982e+03 6.231799999999999840e-02
2.200000000000000011e-01 2.122000000000000000e+03 6.874199999999999755e-02
2.210000000000000020e-01 2.218059999999999945e+03 7.543300000000000005e-02
2.220000000000000029e-01 2.318039999999999964e+03 8.238299999999999790e-02
2.230000000000000038e-01 2.421820000000000164e+03 8.958299999999999597e-02
2.240000000000000047e-01 2.529260000000000218e+03 9.702399999999999913e-02
2.250000000000000056e-01 2.640199999999999818e+03 1.046969999999999984e-01
2.260000000000000064e-01 2.754500000000000000e+03 1.125929999999999986e-01
2.270000000000000073e-01 2.872000000000000000e+03 1.207020000000000037e-01
2.280000000000000082e-01 2.992539999999999964e+03 1.290149999999999908e-01
2.290000000000000091e-01 3.115980000000000018e+03 1.375220000000000053e-01
2.300000000000000100e-01 3.242150000000000091e+03 1.462140000000000106e-01
2.310000000000000109e-01 3.370900000000000091e+03 1.550799999999999956e-01
2.320000000000000118e-01 3.502070000000000164e+03 1.641110000000000069e-01
2.330000000000000127e-01 3.635519999999999982e+03 1.732970000000000066e-01
2.340000000000000135e-01 3.771079999999999927e+03 1.826280000000000125e-01
2.349999999999999867e-01 3.908619999999999891e+03 1.920949999999999880e-01
2.359999999999999876e-01 4.047980000000000018e+03 2.016880000000000062e-01
2.369999999999999885e-01 4.189010000000000218e+03 2.113960000000000006e-01
2.379999999999999893e-01 4.331579999999999927e+03 2.212119999999999920e-01
2.389999999999999902e-01 4.475550000000000182e+03 2.311239999999999961e-01
2.399999999999999911e-01 4.620760000000000218e+03 2.411240000000000050e-01
2.409999999999999920e-01 4.767079999999999927e+03 2.512019999999999809e-01
2.419999999999999929e-01 4.914399999999999636e+03 2.613500000000000267e-01
2.429999999999999938e-01 5.062569999999999709e+03 2.715580000000000216e-01
2.439999999999999947e-01 5.211460000000000036e+03 2.818169999999999842e-01
2.449999999999999956e-01 5.360960000000000036e+03 2.921199999999999908e-01
2.459999999999999964e-01 5.510949999999999818e+03 3.024569999999999759e-01
2.469999999999999973e-01 5.661289999999999964e+03 3.128199999999999870e-01
2.479999999999999982e-01 5.811890000000000327e+03 3.232019999999999893e-01
2.489999999999999991e-01 5.962630000000000109e+03 3.335940000000000016e-01
2.500000000000000000e-01 6.113380000000000109e+03 3.439880000000000160e-01
2.510000000000000009e-01 6.264079999999999927e+03 3.543789999999999996e-01
2.520000000000000018e-01 6.414600000000000364e+03 3.647569999999999979e-01
2.530000000000000027e-01 6.564850000000000364e+03 3.751180000000000070e-01
2.540000000000000036e-01 6.714739999999999782e+03 3.854529999999999901e-01
2.550000000000000044e-01 6.864159999999999854e+03 3.957559999999999967e-01
2.560000000000000053e-01 7.013039999999999964e+03 4.060210000000000208e-01
2.570000000000000062e-01 7.161310000000000400e+03 4.162429999999999741e-01
2.580000000000000071e-01 7.308859999999999673e+03 4.264149999999999885e-01
2.590000000000000080e-01 7.455640000000000327e+03 4.365330000000000044e-01
2.600000000000000089e-01 7.601550000000000182e+03 4.465899999999999870e-01
2.610000000000000098e-01 7.746550000000000182e+03 4.565830000000000166e-01
2.620000000000000107e-01 7.890539999999999964e+03 4.665050000000000030e-01
2.630000000000000115e-01 8.033489999999999782e+03 4.763539999999999996e-01
2.640000000000000124e-01 8.175319999999999709e+03 4.861240000000000006e-01
2.650000000000000133e-01 8.315979999999999563e+03 4.958119999999999750e-01
2.660000000000000142e-01 8.455409999999999854e+03 5.054130000000000011e-01
2.670000000000000151e-01 8.593579999999999927e+03 5.149249999999999661e-01
2.680000000000000160e-01 8.730409999999999854e+03 5.243430000000000035e-01
2.690000000000000169e-01 8.865879999999999200e+03 5.336659999999999737e-01
2.700000000000000178e-01 8.999959999999999127e+03 5.428899999999999837e-01
2.710000000000000187e-01 9.132579999999999927e+03 5.520119999999999472e-01
2.720000000000000195e-01 9.263719999999999345e+03 5.610300000000000287e-01
2.730000000000000204e-01 9.393350000000000364e+03 5.699410000000000309e-01
2.740000000000000213e-01 9.521430000000000291e+03 5.787440000000000362e-01
2.750000000000000222e-01 9.647799999999999272e+03 5.874369999999999870e-01
2.760000000000000231e-01 9.770149999999999636e+03 5.960180000000000478e-01
2.770000000000000240e-01 9.888370000000000800e+03 6.044859999999999678e-01
2.780000000000000249e-01 1.000279999999999927e+04 6.128379999999999939e-01
2.790000000000000258e-01 1.011329999999999927e+04 6.210750000000000437e-01
2.800000000000000266e-01 1.021989999999999964e+04 6.291940000000000310e-01
2.810000000000000275e-01 1.032300000000000000e+04 6.371959999999999846e-01
2.819999999999999729e-01 1.042250000000000000e+04 6.450789999999999580e-01
2.829999999999999738e-01 1.051839999999999964e+04 6.528429999999999511e-01
2.839999999999999747e-01 1.061100000000000000e+04 6.604870000000000463e-01
2.849999999999999756e-01 1.070039999999999964e+04 6.680120000000000502e-01
2.859999999999999765e-01 1.078660000000000036e+04 6.754160000000000164e-01
2.869999999999999774e-01 1.086970000000000073e+04 6.827010000000000023e-01
2.879999999999999782e-01 1.094989999999999964e+04 6.898649999999999505e-01
2.889999999999999791e-01 1.102729999999999927e+04 6.969100000000000295e-01
2.899999999999999800e-01 1.110189999999999964e+04 7.038339999999999597e-01
2.909999999999999809e-01 1.117389999999999964e+04 7.106400000000000494e-01
2.919999999999999818e-01 1.124339999999999964e+04 7.173270000000000479e-01
2.929999999999999827e-01 1.131050000000000000e+04 7.238949999999999552e-01
2.939999999999999836e-01 1.137520000000000073e+04 7.303460000000000507e-01
2.949999999999999845e-01 1.143760000000000036e+04 7.366800000000000015e-01
2.959999999999999853e-01 1.149800000000000000e+04 7.428979999999999473e-01
2.969999999999999862e-01 1.155620000000000073e+04 7.489999999999999991e-01
2.979999999999999871e-01 1.161250000000000000e+04 7.549890000000000212e-01
2.989999999999999880e-01 1.166689999999999964e+04 7.608629999999999560e-01
2.999999999999999889e-01 1.171939999999999964e+04 7.666260000000000296e-01
3.009999999999999898e-01 1.177020000000000073e+04 7.722769999999999913e-01
3.019999999999999907e-01 1.181950000000000000e+04 7.778169999999999806e-01
3.029999999999999916e-01 1.186700000000000000e+04 7.832489999999999730e-01
3.039999999999999925e-01 1.191289999999999964e+04 7.885729999999999684e-01
3.049999999999999933e-01 1.195739999999999964e+04 7.937899999999999956e-01
3.059999999999999942e-01 1.200039999999999964e+04 7.989020000000000010e-01
3.069999999999999951e-01 1.204210000000000036e+04 8.039100000000000135e-01
3.079999999999999960e-01 1.208250000000000000e+04 8.088149999999999507e-01
3.089999999999999969e-01 1.212160000000000036e+04 8.136189999999999811e-01
3.099999999999999978e-01 1.215950000000000000e+04 8.183230000000000226e-01
3.109999999999999987e-01 1.219629999999999927e+04 8.229290000000000216e-01
3.119999999999999996e-01 1.223189999999999964e+04 8.274369999999999781e-01
3.130000000000000004e-01 1.226650000000000000e+04 8.318489999999999496e-01
3.140000000000000013e-01 1.230000000000000000e+04 8.361669999999999936e-01
3.150000000000000022e-01 1.233260000000000036e+04 8.403929999999999456e-01
3.160000000000000031e-01 1.236429999999999927e+04 8.445270000000000277e-01
3.170000000000000040e-01 1.239500000000000000e+04 8.485709999999999642e-01
3.180000000000000049e-01 1.242489999999999964e+04 8.525260000000000060e-01
3.190000000000000058e-01 1.245389999999999964e+04 8.563939999999999886e-01
3.200000000000000067e-01 1.248220000000000073e+04 8.601769999999999694e-01
3.210000000000000075e-01 1.250970000000000073e+04 8.638759999999999772e-01
3.220000000000000084e-01 1.253639999999999964e+04 8.674920000000000408e-01
3.230000000000000093e-01 1.256250000000000000e+04 8.710269999999999957e-01
3.240000000000000102e-01 1.258789999999999964e+04 8.744819999999999816e-01
3.250000000000000111e-01 1.261260000000000036e+04 8.778580000000000272e-01
3.260000000000000120e-01 1.263670000000000073e+04 8.811579999999999968e-01
3.270000000000000129e-01 1.266020000000000073e+04 8.843830000000000302e-01
3.280000000000000138e-01 1.268310000000000036e+04 8.875330000000000163e-01
3.290000000000000147e-01 1.270550000000000000e+04 8.906100000000000128e-01
3.300000000000000155e-01 1.272729999999999927e+04 8.936169999999999947e-01
3.310000000000000164e-01 1.274870000000000073e+04 8.965530000000000443e-01
3.320000000000000173e-01 1.276950000000000000e+04 8.994210000000000260e-01
3.330000000000000182e-01 1.278989999999999964e+04 9.022210000000000507e-01
3.340000000000000191e-01 1.280979999999999927e+04 9.049559999999999826e-01
3.350000000000000200e-01 1.282929999999999927e+04 9.076260000000000439e-01
3.360000000000000209e-01 1.284839999999999964e+04 9.102329999999999588e-01
3.370000000000000218e-01 1.286700000000000000e+04 9.127779999999999783e-01
3.380000000000000226e-01 1.288529999999999927e+04 9.152620000000000200e-01
3.390000000000000235e-01 1.290320000000000073e+04 9.176870000000000305e-01
3.400000000000000244e-01 1.292070000000000073e+04 9.200530000000000097e-01
3.410000000000000253e-01 1.293779999999999927e+04 9.223620000000000152e-01
3.420000000000000262e-01 1.295460000000000036e+04 9.246159999999999934e-01
3.430000000000000271e-01 1.297110000000000036e+04 9.268150000000000555e-01
3.439999999999999725e-01 1.298729999999999927e+04 9.289600000000000080e-01
3.449999999999999734e-01 1.300310000000000036e+04 9.310530000000000195e-01
3.459999999999999742e-01 1.301870000000000073e+04 9.330950000000000077e-01
3.469999999999999751e-01 1.303389999999999964e+04 9.350870000000000015e-01
3.479999999999999760e-01 1.304889999999999964e+04 9.370290000000000008e-01
3.489999999999999769e-01 1.306350000000000000e+04 9.389239999999999808e-01
3.499999999999999778e-01 1.307789999999999964e+04 9.407720000000000526e-01
3.509999999999999787e-01 1.309200000000000000e+04 9.425729999999999942e-01
3.519999999999999796e-01 1.310589999999999964e+04 9.443300000000000027e-01
3.529999999999999805e-01 1.311929999999999927e+04 9.460429999999999673e-01
3.539999999999999813e-01 1.313260000000000036e+04 9.477139999999999453e-01
3.549999999999999822e-01 1.314570000000000073e+04 9.493420000000000192e-01
3.559999999999999831e-01 1.315850000000000000e+04 9.509290000000000243e-01
3.569999999999999840e-01 1.317110000000000036e+04 9.524759999999999893e-01
3.579999999999999849e-01 1.318339999999999964e+04 9.539840000000000542e-01
3.589999999999999858e-01 1.319550000000000000e+04 9.554529999999999967e-01
3.599999999999999867e-01 1.320739999999999964e+04 9.568849999999999856e-01
3.609999999999999876e-01 1.321900000000000000e+04 9.582810000000000494e-01
3.619999999999999885e-01 1.323029999999999927e+04 9.596400000000000485e-01
3.629999999999999893e-01 1.324150000000000000e+04 9.609649999999999581e-01
3.639999999999999902e-01 1.325239999999999964e+04 9.622549999999999715e-01
3.649999999999999911e-01 1.326300000000000000e+04 9.635129999999999528e-01
3.659999999999999920e-01 1.327350000000000000e+04 9.647369999999999557e-01
3.669999999999999929e-01 1.328360000000000036e+04 9.659299999999999553e-01
3.679999999999999938e-01 1.329360000000000036e+04 9.670910000000000339e-01
3.689999999999999947e-01 1.330329999999999927e+04 9.682220000000000271e-01
3.699999999999999956e-01 1.331279999999999927e+04 9.693230000000000457e-01
3.709999999999999964e-01 1.332200000000000000e+04 9.703950000000000076e-01
3.719999999999999973e-01 1.333100000000000000e+04 9.714390000000000525e-01
3.729999999999999982e-01 1.333970000000000073e+04 9.724549999999999583e-01
3.739999999999999991e-01 1.334829999999999927e+04 9.734439999999999760e-01
3.750000000000000000e-01 1.335650000000000000e+04 9.744059999999999944e-01
3.760000000000000009e-01 1.336460000000000036e+04 9.753429999999999600e-01
3.770000000000000018e-01 1.337229999999999927e+04 9.762539999999999552e-01
3.780000000000000027e-01 1.337989999999999964e+04 9.771400000000000086e-01
3.790000000000000036e-01 1.338720000000000073e+04 9.780020000000000380e-01
3.800000000000000044e-01 1.339420000000000073e+04 9.788409999999999611e-01
3.810000000000000053e-01 1.340100000000000000e+04 9.796570000000000000e-01
3.820000000000000062e-01 1.340760000000000036e+04 9.804500000000000437e-01
3.830000000000000071e-01 1.341379999999999927e+04 9.812199999999999811e-01
3.840000000000000080e-01 1.341989999999999964e+04 9.819700000000000095e-01
3.850000000000000089e-01 1.342570000000000073e+04 9.826979999999999604e-01
3.860000000000000098e-01 1.343120000000000073e+04 9.834060000000000024e-01
3.870000000000000107e-01 1.343650000000000000e+04 9.840929999999999955e-01
3.880000000000000115e-01 1.344150000000000000e+04 9.847609999999999975e-01
3.890000000000000124e-01 1.344629999999999927e+04 9.854100000000000081e-01
3.900000000000000133e-01 1.345079999999999927e+04 9.860400000000000276e-01
3.910000000000000142e-01 1.345500000000000000e+04 9.866509999999999447e-01
3.920000000000000151e-01 1.345910000000000036e+04 9.872440000000000104e-01
3.930000000000000160e-01 1.346279999999999927e+04 9.878200000000000314e-01
3.940000000000000169e-01 1.346629999999999927e+04 9.883779999999999788e-01
3.950000000000000178e-01 1.346950000000000000e+04 9.889200000000000212e-01
3.960000000000000187e-01 1.347210000000000036e+04 9.894450000000000189e-01
3.970000000000000195e-01 1.347479999999999927e+04 9.899540000000000006e-01
3.980000000000000204e-01 1.347750000000000000e+04 9.904469999999999663e-01
3.990000000000000213e-01 1.347939999999999964e+04 9.909240000000000270e-01
4.000000000000000222e-01 1.348150000000000000e+04 9.913859999999999895e-01
4.010000000000000231e-01 1.348339999999999964e+04 9.918339999999999934e-01
4.020000000000000240e-01 1.348450000000000000e+04 9.922659999999999814e-01
4.030000000000000249e-01 1.348570000000000073e+04 9.926850000000000396e-01
4.040000000000000258e-01 1.348679999999999927e+04 9.930889999999999995e-01
4.050000000000000266e-01 1.348729999999999927e+04 9.934800000000000297e-01
4.060000000000000275e-01 1.348750000000000000e+04 9.938569999999999904e-01
4.069999999999999729e-01 1.348779999999999927e+04 9.942210000000000214e-01
4.079999999999999738e-01 1.348800000000000000e+04 9.945720000000000116e-01
4.089999999999999747e-01 1.348750000000000000e+04 9.949099999999999611e-01
4.099999999999999756e-01 1.348710000000000036e+04 9.952360000000000095e-01
4.109999999999999765e-01 1.348600000000000000e+04 9.955490000000000173e-01
4.119999999999999774e-01 1.348500000000000000e+04 9.958500000000000130e-01
4.129999999999999782e-01 1.348310000000000036e+04 9.961389999999999967e-01
4.139999999999999791e-01 1.348170000000000073e+04 9.964169999999999972e-01
4.149999999999999800e-01 1.348010000000000036e+04 9.966829999999999856e-01
4.159999999999999809e-01 1.347820000000000073e+04 9.969379999999999908e-01
4.169999999999999818e-01 1.347579999999999927e+04 9.971809999999999841e-01
4.179999999999999827e-01 1.347329999999999927e+04 9.974140000000000228e-01
4.189999999999999836e-01 1.347050000000000000e+04 9.976350000000000495e-01
4.199999999999999845e-01 1.346760000000000036e+04 9.978460000000000107e-01
4.209999999999999853e-01 1.346439999999999964e+04 9.980470000000000175e-01
4.219999999999999862e-01 1.346110000000000036e+04 9.982370000000000410e-01
4.229999999999999871e-01 1.345750000000000000e+04 9.984159999999999702e-01
4.239999999999999880e-01 1.345370000000000073e+04 9.985859999999999737e-01
4.249999999999999889e-01 1.344970000000000073e+04 9.987460000000000226e-01
4.259999999999999898e-01 1.344550000000000000e+04 9.988949999999999774e-01
4.269999999999999907e-01 1.344110000000000036e+04 9.990350000000000064e-01
4.279999999999999916e-01 1.343650000000000000e+04 9.991649999999999698e-01
4.289999999999999925e-01 1.343170000000000073e+04 9.992849999999999788e-01
4.299999999999999933e-01 1.342679999999999927e+04 9.993959999999999511e-01
4.309999999999999942e-01 1.342160000000000036e+04 9.994969999999999688e-01
4.319999999999999951e-01 1.341629999999999927e+04 9.995889999999999498e-01
4.329999999999999960e-01 1.341089999999999964e+04 9.996720000000000050e-01
4.339999999999999969e-01 1.340520000000000073e+04 9.997449999999999948e-01
4.349999999999999978e-01 1.339939999999999964e+04 9.998089999999999478e-01
4.359999999999999987e-01 1.339350000000000000e+04 9.998639999999999750e-01
4.369999999999999996e-01 1.338739999999999964e+04 9.999090000000000478e-01
4.380000000000000004e-01 1.338110000000000036e+04 9.999449999999999728e-01
4.390000000000000013e-01 1.337479999999999927e+04 9.999730000000000008e-01
4.400000000000000022e-01 1.336820000000000073e+04 9.999909999999999632e-01
4.410000000000000031e-01 1.336160000000000036e+04 1.000000000000000000e+00
4.420000000000000040e-01 1.335479999999999927e+04 1.000000000000000000e+00
4.430000000000000049e-01 1.334789999999999964e+04 9.999909999999999632e-01
4.440000000000000058e-01 1.334089999999999964e+04 9.999730000000000008e-01
4.450000000000000067e-01 1.333370000000000073e+04 9.999449999999999728e-01
4.460000000000000075e-01 1.332650000000000000e+04 9.999090000000000478e-01
4.470000000000000084e-01 1.331910000000000036e+04 9.998639999999999750e-01
4.480000000000000093e-01 1.331170000000000073e+04 9.998089999999999478e-01
4.490000000000000102e-01 1.330410000000000036e+04 9.997449999999999948e-01
4.500000000000000111e-01 1.329650000000000000e+04 9.996720000000000050e-01
4.510000000000000120e-01 1.328870000000000073e+04 9.995889999999999498e-01
4.520000000000000129e-01 1.328089999999999964e+04 9.994969999999999688e-01
4.530000000000000138e-01 1.327300000000000000e+04 9.993959999999999511e-01
4.540000000000000147e-01 1.326500000000000000e+04 9.992849999999999788e-01
4.550000000000000155e-01 1.325689999999999964e+04 9.991649999999999698e-01
4.560000000000000164e-01 1.324879999999999927e+04 9.990350000000000064e-01
4.570000000000000173e-01 1.324050000000000000e+04 9.988949999999999774e-01
4.580000000000000182e-01 1.323220000000000073e+04 9.987460000000000226e-01
4.590000000000000191e-01 1.322389999999999964e+04 9.985859999999999737e-01
4.600000000000000200e-01 1.321539999999999964e+04 9.984159999999999702e-01
4.610000000000000209e-01 1.320689999999999964e+04 9.982370000000000410e-01
4.620000000000000218e-01 1.319839999999999964e+04 9.980470000000000175e-01
4.630000000000000226e-01 1.318970000000000073e+04 9.978460000000000107e-01
4.640000000000000235e-01 1.318100000000000000e+04 9.976350000000000495e-01
4.650000000000000244e-01 1.317229999999999927e+04 9.974140000000000228e-01
4.660000000000000253e-01 1.316350000000000000e+04 9.971809999999999841e-01
4.670000000000000262e-01 1.315460000000000036e+04 9.969379999999999908e-01
4.680000000000000271e-01 1.314570000000000073e+04 9.966829999999999856e-01
4.689999999999999725e-01 1.313670000000000073e+04 9.964169999999999972e-01
4.699999999999999734e-01 1.312760000000000036e+04 9.961389999999999967e-01
4.709999999999999742e-01 1.311850000000000000e+04 9.958500000000000130e-01
4.719999999999999751e-01 1.310939999999999964e+04 9.955490000000000173e-01
4.729999999999999760e-01 1.310020000000000073e+04 9.952360000000000095e-01
4.739999999999999769e-01 1.309089999999999964e+04 9.949099999999999611e-01
4.749999999999999778e-01 1.308150000000000000e+04 9.945720000000000116e-01
4.759999999999999787e-01 1.307210000000000036e+04 9.942210000000000214e-01
4.769999999999999796e-01 1.306270000000000073e+04 9.938569999999999904e-01
4.779999999999999805e-01 1.305320000000000073e+04 9.934800000000000297e-01
4.789999999999999813e-01 1.304360000000000036e+04 9.930889999999999995e-01
4.799999999999999822e-01 1.303389999999999964e+04 9.926850000000000396e-01
4.809999999999999831e-01 1.302420000000000073e+04 9.922659999999999814e-01
4.819999999999999840e-01 1.301439999999999964e+04 9.918339999999999934e-01
4.829999999999999849e-01 1.300450000000000000e+04 9.913859999999999895e-01
4.839999999999999858e-01 1.299450000000000000e+04 9.909240000000000270e-01
4.849999999999999867e-01 1.298450000000000000e+04 9.904469999999999663e-01
4.859999999999999876e-01 1.297439999999999964e+04 9.899540000000000006e-01
4.869999999999999885e-01 1.296420000000000073e+04 9.894450000000000189e-01
4.879999999999999893e-01 1.295389999999999964e+04 9.889200000000000212e-01
4.889999999999999902e-01 1.294350000000000000e+04 9.883779999999999788e-01
4.899999999999999911e-01 1.293310000000000036e+04 9.878200000000000314e-01
4.909999999999999920e-01 1.292250000000000000e+04 9.872440000000000104e-01
4.919999999999999929e-01 1.291179999999999927e+04 9.866509999999999447e-01
4.929999999999999938e-01 1.290110000000000036e+04 9.860400000000000276e-01
4.939999999999999947e-01 1.289020000000000073e+04 9.854100000000000081e-01
4.949999999999999956e-01 1.287920000000000073e+04 9.847609999999999975e-01
4.959999999999999964e-01 1.286800000000000000e+04 9.840929999999999955e-01
4.969999999999999973e-01 1.285679999999999927e+04 9.834060000000000024e-01
4.979999999999999982e-01 1.284539999999999964e+04 9.826979999999999604e-01
4.989999999999999991e-01 1.283389999999999964e+04 9.819700000000000095e-01
5.000000000000000000e-01 1.282229999999999927e+04 9.812199999999999811e-01
5.010000000000000009e-01 1.281050000000000000e+04 9.804500000000000437e-01
5.020000000000000018e-01 1.279860000000000036e+04 9.796570000000000000e-01
5.030000000000000027e-01 1.278650000000000000e+04 9.788409999999999611e-01
5.040000000000000036e-01 1.277420000000000073e+04 9.780020000000000380e-01
5.050000000000000044e-01 1.276179999999999927e+04 9.771400000000000086e-01
5.060000000000000053e-01 1.274920000000000073e+04 9.762539999999999552e-01
5.070000000000000062e-01 1.273650000000000000e+04 9.753429999999999600e-01
5.080000000000000071e-01 1.272350000000000000e+04 9.744059999999999944e-01
5.090000000000000080e-01 1.271020000000000073e+04 9.734439999999999760e-01
5.100000000000000089e-01 1.269660000000000036e+04 9.724549999999999583e-01
5.110000000000000098e-01 1.268250000000000000e+04 9.714390000000000525e-01
5.120000000000000107e-01 1.266810000000000036e+04 9.703950000000000076e-01
5.130000000000000115e-01 1.265329999999999927e+04 9.693230000000000457e-01
5.140000000000000124e-01 1.263810000000000036e+04 9.682220000000000271e-01
5.150000000000000133e-01 1.262250000000000000e+04 9.670910000000000339e-01
5.160000000000000142e-01 1.260650000000000000e+04 9.659299999999999553e-01
5.170000000000000151e-01 1.259000000000000000e+04 9.647369999999999557e-01
5.180000000000000160e-01 1.257310000000000036e+04 9.635129999999999528e-01
5.190000000000000169e-01 1.255570000000000073e+04 9.622549999999999715e-01
5.200000000000000178e-01 1.253789999999999964e+04 9.609649999999999581e-01
5.210000000000000187e-01 1.251960000000000036e+04 9.596400000000000485e-01
5.220000000000000195e-01 1.250089999999999964e+04 9.582810000000000494e-01
5.230000000000000204e-01 1.248160000000000036e+04 9.568849999999999856e-01
5.240000000000000213e-01 1.246189999999999964e+04 9.554529999999999967e-01
5.250000000000000222e-01 1.244160000000000036e+04 9.539840000000000542e-01
5.260000000000000231e-01 1.242079999999999927e+04 9.524759999999999893e-01
5.270000000000000240e-01 1.239939999999999964e+04 9.509290000000000243e-01
5.280000000000000249e-01 1.237750000000000000e+04 9.493420000000000192e-01
5.290000000000000258e-01 1.235510000000000036e+04 9.477139999999999453e-01
5.300000000000000266e-01 1.233200000000000000e+04 9.460429999999999673e-01
5.310000000000000275e-01 1.230839999999999964e+04 9.443300000000000027e-01
5.320000000000000284e-01 1.228400000000000000e+04 9.425729999999999942e-01
5.330000000000000293e-01 1.225929999999999927e+04 9.407720000000000526e-01
5.340000000000000302e-01 1.223370000000000073e+04 9.389239999999999808e-01
5.350000000000000311e-01 1.220770000000000073e+04 9.370290000000000008e-01
5.360000000000000320e-01 1.218079999999999927e+04 9.350870000000000015e-01
5.370000000000000329e-01 1.215329999999999927e+04 9.330950000000000077e-01
5.380000000000000338e-01 1.212520000000000073e+04 9.310530000000000195e-01
5.390000000000000346e-01 1.209410000000000036e+04 9.289600000000000080e-01
5.400000000000000355e-01 1.206429999999999927e+04 9.268150000000000555e-01
5.410000000000000364e-01 1.203620000000000073e+04 9.246159999999999934e-01
5.420000000000000373e-01 1.200539999999999964e+04 9.223620000000000152e-01
5.430000000000000382e-01 1.197089999999999964e+04 9.200530000000000097e-01
5.440000000000000391e-01 1.193829999999999927e+04 9.176870000000000305e-01
5.450000000000000400e-01 1.190260000000000036e+04 9.152620000000000200e-01
5.460000000000000409e-01 1.187020000000000073e+04 9.127779999999999783e-01
5.470000000000000417e-01 1.183560000000000036e+04 9.102329999999999588e-01
5.480000000000000426e-01 1.179929999999999927e+04 9.076260000000000439e-01
5.490000000000000435e-01 1.176270000000000073e+04 9.049559999999999826e-01
5.500000000000000444e-01 1.172489999999999964e+04 9.022210000000000507e-01
5.510000000000000453e-01 1.168620000000000073e+04 8.994210000000000260e-01
5.520000000000000462e-01 1.164670000000000073e+04 8.965530000000000443e-01
5.530000000000000471e-01 1.160620000000000073e+04 8.936169999999999947e-01
5.540000000000000480e-01 1.156470000000000073e+04 8.906100000000000128e-01
5.550000000000000488e-01 1.152229999999999927e+04 8.875330000000000163e-01
5.560000000000000497e-01 1.147889999999999964e+04 8.843830000000000302e-01
5.570000000000000506e-01 1.143439999999999964e+04 8.811579999999999968e-01
5.580000000000000515e-01 1.138889999999999964e+04 8.778580000000000272e-01
5.590000000000000524e-01 1.134239999999999964e+04 8.744819999999999816e-01
5.600000000000000533e-01 1.129479999999999927e+04 8.710269999999999957e-01
5.610000000000000542e-01 1.124610000000000036e+04 8.674920000000000408e-01
5.620000000000000551e-01 1.119629999999999927e+04 8.638759999999999772e-01
5.629999999999999449e-01 1.114529999999999927e+04 8.601769999999999694e-01
5.639999999999999458e-01 1.109329999999999927e+04 8.563939999999999886e-01
5.649999999999999467e-01 1.104000000000000000e+04 8.525260000000000060e-01
5.659999999999999476e-01 1.098560000000000036e+04 8.485709999999999642e-01
5.669999999999999485e-01 1.092989999999999964e+04 8.445270000000000277e-01
5.679999999999999494e-01 1.087300000000000000e+04 8.403929999999999456e-01
5.689999999999999503e-01 1.081489999999999964e+04 8.361669999999999936e-01
5.699999999999999512e-01 1.075550000000000000e+04 8.318489999999999496e-01
5.709999999999999520e-01 1.069489999999999964e+04 8.274369999999999781e-01
5.719999999999999529e-01 1.063289999999999964e+04 8.229290000000000216e-01
5.729999999999999538e-01 1.056960000000000036e+04 8.183230000000000226e-01
5.739999999999999547e-01 1.050489999999999964e+04 8.136189999999999811e-01
5.749999999999999556e-01 1.043889999999999964e+04 8.088149999999999507e-01
5.759999999999999565e-01 1.037160000000000036e+04 8.039100000000000135e-01
5.769999999999999574e-01 1.030279999999999927e+04 7.989020000000000010e-01
5.779999999999999583e-01 1.023260000000000036e+04 7.937899999999999956e-01
5.789999999999999591e-01 1.016100000000000000e+04 7.885729999999999684e-01
5.799999999999999600e-01 1.008789999999999964e+04 7.832489999999999730e-01
5.809999999999999609e-01 1.001339999999999964e+04 7.778169999999999806e-01
5.819999999999999618e-01 9.937430000000000291e+03 7.722769999999999913e-01
5.829999999999999627e-01 9.859950000000000728e+03 7.666260000000000296e-01
5.839999999999999636e-01 9.780950000000000728e+03 7.608629999999999560e-01
5.849999999999999645e-01 9.700450000000000728e+03 7.549890000000000212e-01
5.859999999999999654e-01 9.618409999999999854e+03 7.489999999999999991e-01
5.869999999999999662e-01 9.534819999999999709e+03 7.428979999999999473e-01
5.879999999999999671e-01 9.449690000000000509e+03 7.366800000000000015e-01
5.889999999999999680e-01 9.362989999999999782e+03 7.303460000000000507e-01
5.899999999999999689e-01 9.274719999999999345e+03 7.238949999999999552e-01
5.909999999999999698e-01 9.184870000000000800e+03 7.173270000000000479e-01
5.919999999999999707e-01 9.093430000000000291e+03 7.106400000000000494e-01
5.929999999999999716e-01 9.000389999999999418e+03 7.038339999999999597e-01
5.939999999999999725e-01 8.905770000000000437e+03 6.969100000000000295e-01
5.949999999999999734e-01 8.809530000000000655e+03 6.898649999999999505e-01
5.959999999999999742e-01 8.711690000000000509e+03 6.827010000000000023e-01
5.969999999999999751e-01 8.612250000000000000e+03 6.754160000000000164e-01
5.979999999999999760e-01 8.511200000000000728e+03 6.680120000000000502e-01
5.989999999999999769e-01 8.408559999999999491e+03 6.604870000000000463e-01
5.999999999999999778e-01 8.304319999999999709e+03 6.528429999999999511e-01
6.009999999999999787e-01 8.198489999999999782e+03 6.450789999999999580e-01
6.019999999999999796e-01 8.091079999999999927e+03 6.371959999999999846e-01
6.029999999999999805e-01 7.982100000000000364e+03 6.291940000000000310e-01
6.039999999999999813e-01 7.871560000000000400e+03 6.210750000000000437e-01
6.049999999999999822e-01 7.759470000000000255e+03 6.128379999999999939e-01
6.059999999999999831e-01 7.645850000000000364e+03 6.044859999999999678e-01
6.069999999999999840e-01 7.530720000000000255e+03 5.960180000000000478e-01
6.079999999999999849e-01 7.414090000000000146e+03 5.874369999999999870e-01
6.089999999999999858e-01 7.296000000000000000e+03 5.787440000000000362e-01
6.099999999999999867e-01 7.176470000000000255e+03 5.699410000000000309e-01
6.109999999999999876e-01 7.055529999999999745e+03 5.610300000000000287e-01
6.119999999999999885e-01 6.933199999999999818e+03 5.520119999999999472e-01
6.129999999999999893e-01 6.809510000000000218e+03 5.428899999999999837e-01
6.139999999999999902e-01 6.684510000000000218e+03 5.336659999999999737e-01
6.149999999999999911e-01 6.558220000000000255e+03 5.243430000000000035e-01
6.159999999999999920e-01 6.430720000000000255e+03 5.149249999999999661e-01
6.169999999999999929e-01 6.302010000000000218e+03 5.054130000000000011e-01
6.179999999999999938e-01 6.172159999999999854e+03 4.958119999999999750e-01
6.189999999999999947e-01 6.041220000000000255e+03 4.861240000000000006e-01
6.199999999999999956e-01 5.909229999999999563e+03 4.763539999999999996e-01
6.209999999999999964e-01 5.776250000000000000e+03 4.665050000000000030e-01
6.219999999999999973e-01 5.642369999999999891e+03 4.565830000000000166e-01
6.229999999999999982e-01 5.507609999999999673e+03 4.465899999999999870e-01
6.239999999999999991e-01 5.372060000000000400e+03 4.365330000000000044e-01
6.250000000000000000e-01 5.235779999999999745e+03 4.264149999999999885e-01
6.260000000000000009e-01 5.098850000000000364e+03 4.162429999999999741e-01
6.270000000000000018e-01 4.961340000000000146e+03 4.060210000000000208e-01
6.280000000000000027e-01 4.823329999999999927e+03 3.957559999999999967e-01
6.290000000000000036e-01 4.684909999999999854e+03 3.854529999999999901e-01
6.300000000000000044e-01 4.546149999999999636e+03 3.751180000000000070e-01
6.310000000000000053e-01 4.407140000000000327e+03 3.647569999999999979e-01
6.320000000000000062e-01 4.268000000000000000e+03 3.543789999999999996e-01
6.330000000000000071e-01 4.128789999999999964e+03 3.439880000000000160e-01
6.340000000000000080e-01 3.989639999999999873e+03 3.335940000000000016e-01
6.350000000000000089e-01 3.850630000000000109e+03 3.232019999999999893e-01
6.360000000000000098e-01 3.711849999999999909e+03 3.128199999999999870e-01
6.370000000000000107e-01 3.573440000000000055e+03 3.024569999999999759e-01
6.380000000000000115e-01 3.435489999999999782e+03 2.921199999999999908e-01
6.390000000000000124e-01 3.298099999999999909e+03 2.818169999999999842e-01
6.400000000000000133e-01 3.161429999999999836e+03 2.715580000000000216e-01
6.410000000000000142e-01 3.025559999999999945e+03 2.613500000000000267e-01
6.420000000000000151e-01 2.890599999999999909e+03 2.512019999999999809e-01
6.430000000000000160e-01 2.756710000000000036e+03 2.411240000000000050e-01
6.440000000000000169e-01 2.624000000000000000e+03 2.311239999999999961e-01
6.450000000000000178e-01 2.492579999999999927e+03 2.212119999999999920e-01
6.460000000000000187e-01 2.362590000000000146e+03 2.113960000000000006e-01
6.470000000000000195e-01 2.234380000000000109e+03 2.016880000000000062e-01
6.480000000000000204e-01 2.107639999999999873e+03 1.920949999999999880e-01
6.490000000000000213e-01 1.982720000000000027e+03 1.826280000000000125e-01
6.500000000000000222e-01 1.859789999999999964e+03 1.732970000000000066e-01
6.510000000000000231e-01 1.738940000000000055e+03 1.641110000000000069e-01
6.520000000000000240e-01 1.620339999999999918e+03 1.550799999999999956e-01
6.530000000000000249e-01 1.504119999999999891e+03 1.462140000000000106e-01
6.540000000000000258e-01 1.390410000000000082e+03 1.375220000000000053e-01
6.550000000000000266e-01 1.280450000000000045e+03 1.290149999999999908e-01
6.560000000000000275e-01 1.177650000000000091e+03 1.207020000000000037e-01
6.570000000000000284e-01 1.081569999999999936e+03 1.125929999999999986e-01
6.580000000000000293e-01 9.915489999999999782e+02 1.046969999999999984e-01
6.590000000000000302e-01 9.071209999999999809e+02 9.702399999999999913e-02
6.600000000000000311e-01 8.277609999999999673e+02 8.958299999999999597e-02
6.610000000000000320e-01 7.530480000000000018e+02 8.238299999999999790e-02
6.620000000000000329e-01 6.826280000000000427e+02 7.543300000000000005e-02
6.630000000000000338e-01 6.162129999999999654e+02 6.874199999999999755e-02
6.640000000000000346e-01 5.535670000000000073e+02 6.231799999999999840e-02
6.650000000000000355e-01 4.945280000000000200e+02 5.616999999999999771e-02
6.660000000000000364e-01 4.389730000000000132e+02 5.030599999999999655e-02
6.670000000000000373e-01 3.868070000000000164e+02 4.473200000000000093e-02
6.680000000000000382e-01 3.384859999999999900e+02 3.945699999999999902e-02
6.690000000000000391e-01 2.939320000000000164e+02 3.448799999999999782e-02
6.700000000000000400e-01 2.518189999999999884e+02 2.983099999999999988e-02
6.710000000000000409e-01 2.124209999999999923e+02 2.549299999999999830e-02
6.720000000000000417e-01 1.771790000000000020e+02 2.147900000000000156e-02
6.730000000000000426e-01 1.460209999999999866e+02 1.779499999999999832e-02
6.740000000000000435e-01 1.176159999999999997e+02 1.444600000000000051e-02
6.750000000000000444e-01 9.326800000000000068e+01 1.143699999999999925e-02
6.760000000000000453e-01 7.292319999999999425e+01 8.772000000000000283e-03
6.770000000000000462e-01 5.602929999999999922e+01 6.454999999999999800e-03
6.780000000000000471e-01 4.308359999999999701e+01 4.487999999999999802e-03
6.790000000000000480e-01 3.400370000000000203e+01 2.876000000000000084e-03
6.800000000000000488e-01 2.880170000000000030e+01 1.618999999999999996e-03
6.810000000000000497e-01 2.750939999999999941e+01 7.200000000000000453e-04
6.820000000000000506e-01 3.018220000000000169e+01 1.800000000000000113e-04
6.830000000000000515e-01 3.689439999999999742e+01 0.000000000000000000e+00
6.840000000000000524e-01 4.556539999999999679e+01 0.000000000000000000e+00
6.850000000000000533e-01 5.388360000000000127e+01 0.000000000000000000e+00
6.860000000000000542e-01 6.184000000000000341e+01 0.000000000000000000e+00
6.870000000000000551e-01 6.960609999999999786e+01 0.000000000000000000e+00
6.879999999999999449e-01 7.711820000000000164e+01 0.000000000000000000e+00
6.889999999999999458e-01 8.440600000000000591e+01 0.000000000000000000e+00
6.899999999999999467e-01 9.148420000000000130e+01 0.000000000000000000e+00
6.909999999999999476e-01 9.837640000000000384e+01 0.000000000000000000e+00
6.919999999999999485e-01 1.050949999999999989e+02 0.000000000000000000e+00
6.929999999999999494e-01 1.116550000000000011e+02 0.000000000000000000e+00
6.939999999999999503e-01 1.180669999999999931e+02 0.000000000000000000e+00
6.949999999999999512e-01 1.243449999999999989e+02 0.000000000000000000e+00
6.959999999999999520e-01 1.304979999999999905e+02 0.000000000000000000e+00
6.969999999999999529e-01 1.365349999999999966e+02 0.000000000000000000e+00
6.979999999999999538e-01 1.424660000000000082e+02 0.000000000000000000e+00
6.989999999999999547e-01 1.482980000000000018e+02 0.000000000000000000e+00
6.999999999999999556e-01 1.540380000000000109e+02 0.000000000000000000e+00
7.009999999999999565e-01 1.596939999999999884e+02 0.000000000000000000e+00
7.019999999999999574e-01 1.652709999999999866e+02 0.000000000000000000e+00
7.029999999999999583e-01 1.707760000000000105e+02 0.000000000000000000e+00
7.039999999999999591e-01 1.762129999999999939e+02 0.000000000000000000e+00
7.049999999999999600e-01 1.815879999999999939e+02 0.000000000000000000e+00
7.059999999999999609e-01 1.869060000000000059e+02 0.000000000000000000e+00
7.069999999999999618e-01 1.921690000000000111e+02 0.000000000000000000e+00
7.079999999999999627e-01 1.973830000000000098e+02 0.000000000000000000e+00
7.089999999999999636e-01 2.025519999999999925e+02 0.000000000000000000e+00
7.099999999999999645e-01 2.076769999999999925e+02 0.000000000000000000e+00
7.109999999999999654e-01 2.127640000000000100e+02 0.000000000000000000e+00
7.119999999999999662e-01 2.178139999999999930e+02 0.000000000000000000e+00
7.129999999999999671e-01 2.228309999999999889e+02 0.000000000000000000e+00
7.139999999999999680e-01 2.278180000000000121e+02 0.000000000000000000e+00
7.149999999999999689e-01 2.327750000000000057e+02 0.000000000000000000e+00
7.159999999999999698e-01 2.377069999999999936e+02 0.000000000000000000e+00
7.169999999999999707e-01 2.426150000000000091e+02 0.000000000000000000e+00
7.179999999999999716e-01 2.475010000000000048e+02 0.000000000000000000e+00
7.189999999999999725e-01 2.523669999999999902e+02 0.000000000000000000e+00
7.199999999999999734e-01 2.572149999999999750e+02 0.000000000000000000e+00
7.209999999999999742e-01 2.620459999999999923e+02 0.000000000000000000e+00
7.219999999999999751e-01 2.668620000000000232e+02 0.000000000000000000e+00
7.229999999999999760e-01 2.716650000000000205e+02 0.000000000000000000e+00
7.239999999999999769e-01 2.764560000000000173e+02 0.000000000000000000e+00
7.249999999999999778e-01 2.812350000000000136e+02 0.000000000000000000e+00
7.259999999999999787e-01 2.860049999999999955e+02 0.000000000000000000e+00
7.269999999999999796e-01 2.907669999999999959e+02 0.000000000000000000e+00
7.279999999999999805e-01 2.955210000000000150e+02 0.000000000000000000e+00
7.289999999999999813e-01 3.002679999999999723e+02 0.000000000000000000e+00
7.299999999999999822e-01 3.050099999999999909e+02 0.000000000000000000e+00
7.309999999999999831e-01 3.097470000000000141e+02 0.000000000000000000e+00
7.319999999999999840e-01 3.144809999999999945e+02 0.000000000000000000e+00
7.329999999999999849e-01 3.192110000000000127e+02 0.000000000000000000e+00
7.339999999999999858e-01 3.239379999999999882e+02 0.000000000000000000e+00
7.349999999999999867e-01 3.286639999999999873e+02 0.000000000000000000e+00
7.359999999999999876e-01 3.333890000000000100e+02 0.000000000000000000e+00
7.369999999999999885e-01 3.381129999999999995e+02 0.000000000000000000e+00
7.379999999999999893e-01 3.428360000000000127e+02 0.000000000000000000e+00
7.389999999999999902e-01 3.475600000000000023e+02 0.000000000000000000e+00
7.399999999999999911e-01 3.522850000000000250e+02 0.000000000000000000e+00
7.409999999999999920e-01 3.570110000000000241e+02 0.000000000000000000e+00
7.419999999999999929e-01 3.617389999999999759e+02 0.000000000000000000e+00
7.429999999999999938e-01 3.664680000000000177e+02 0.000000000000000000e+00
7.439999999999999947e-01 3.711999999999999886e+02 0.000000000000000000e+00
7.449999999999999956e-01 3.759340000000000259e+02 0.000000000000000000e+00
7.459999999999999964e-01 3.806700000000000159e+02 0.000000000000000000e+00
7.469999999999999973e-01 3.854100000000000250e+02 0.000000000000000000e+00
7.479999999999999982e-01 3.901519999999999868e+02 0.000000000000000000e+00
7.489999999999999991e-01 3.948980000000000246e+02 0.000000000000000000e+00
7.500000000000000000e-01 3.996460000000000150e+02 0.000000000000000000e+00
7.510000000000000009e-01 4.043990000000000009e+02 0.000000000000000000e+00
7.520000000000000018e-01 4.091539999999999964e+02 0.000000000000000000e+00
7.530000000000000027e-01 4.139130000000000109e+02 0.000000000000000000e+00
7.540000000000000036e-01 4.186759999999999877e+02 0.000000000000000000e+00
7.550000000000000044e-01 4.234420000000000073e+02 0.000000000000000000e+00
7.560000000000000053e-01 4.282119999999999891e+02 0.000000000000000000e+00
7.570000000000000062e-01 4.329850000000000136e+02 0.000000000000000000e+00
7.580000000000000071e-01 4.377620000000000005e+02 0.000000000000000000e+00
7.590000000000000080e-01 4.425419999999999732e+02 0.000000000000000000e+00
7.600000000000000089e-01 4.473249999999999886e+02 0.000000000000000000e+00
7.610000000000000098e-01 4.521109999999999900e+02 0.000000000000000000e+00
7.620000000000000107e-01 4.569010000000000105e+02 0.000000000000000000e+00
7.630000000000000115e-01 4.616929999999999836e+02 0.000000000000000000e+00
7.640000000000000124e-01 4.664879999999999995e+02 0.000000000000000000e+00
7.650000000000000133e-01 4.712860000000000014e+02 0.000000000000000000e+00
7.660000000000000142e-01 4.760860000000000127e+02 0.000000000000000000e+00
7.670000000000000151e-01 4.808879999999999768e+02 0.000000000000000000e+00
7.680000000000000160e-01 4.856929999999999836e+02 0.000000000000000000e+00
7.690000000000000169e-01 4.904990000000000236e+02 0.000000000000000000e+00
7.700000000000000178e-01 4.953059999999999832e+02 0.000000000000000000e+00
7.710000000000000187e-01 5.001159999999999854e+02 0.000000000000000000e+00
7.720000000000000195e-01 5.049250000000000114e+02 0.000000000000000000e+00
7.730000000000000204e-01 5.097359999999999900e+02 0.000000000000000000e+00
7.740000000000000213e-01 5.145480000000000018e+02 0.000000000000000000e+00
7.750000000000000222e-01 5.193590000000000373e+02 0.000000000000000000e+00
7.760000000000000231e-01 5.241710000000000491e+02 0.000000000000000000e+00
7.770000000000000240e-01 5.289819999999999709e+02 0.000000000000000000e+00
7.780000000000000249e-01 5.337920000000000300e+02 0.000000000000000000e+00
7.790000000000000258e-01 5.386019999999999754e+02 0.000000000000000000e+00
7.800000000000000266e-01 5.434099999999999682e+02 0.000000000000000000e+00
7.810000000000000275e-01 5.482160000000000082e+02 0.000000000000000000e+00
7.820000000000000284e-01 5.530209999999999582e+02 0.000000000000000000e+00
7.830000000000000293e-01 5.578229999999999791e+02 0.000000000000000000e+00
7.840000000000000302e-01 5.626230000000000473e+02 0.000000000000000000e+00
7.850000000000000311e-01 5.674189999999999827e+02 0.000000000000000000e+00
7.860000000000000320e-01 5.722119999999999891e+02 0.000000000000000000e+00
7.870000000000000329e-01 5.770009999999999764e+02 0.000000000000000000e+00
7.880000000000000338e-01 5.817870000000000346e+02 0.000000000000000000e+00
7.890000000000000346e-01 5.865670000000000073e+02 0.000000000000000000e+00
7.900000000000000355e-01 5.913429999999999609e+02 0.000000000000000000e+00
7.910000000000000364e-01 5.961140000000000327e+02 0.000000000000000000e+00
7.920000000000000373e-01 6.008790000000000191e+02 0.000000000000000000e+00
7.930000000000000382e-01 6.056380000000000337e+02 0.000000000000000000e+00
7.940000000000000391e-01 6.103899999999999864e+02 0.000000000000000000e+00
7.950000000000000400e-01 6.151359999999999673e+02 0.000000000000000000e+00
7.960000000000000409e-01 6.198750000000000000e+02 0.000000000000000000e+00
7.970000000000000417e-01 6.246059999999999945e+02 0.000000000000000000e+00
7.980000000000000426e-01 6.293289999999999509e+02 0.000000000000000000e+00
7.990000000000000435e-01 6.340439999999999827e+02 0.000000000000000000e+00
8.000000000000000444e-01 6.387500000000000000e+02 0.000000000000000000e+00
8.010000000000000453e-01 6.434460000000000264e+02 0.000000000000000000e+00
8.020000000000000462e-01 6.481340000000000146e+02 0.000000000000000000e+00
8.030000000000000471e-01 6.528110000000000355e+02 0.000000000000000000e+00
8.040000000000000480e-01 6.574779999999999518e+02 0.000000000000000000e+00
8.050000000000000488e-01 6.621340000000000146e+02 0.000000000000000000e+00
8.060000000000000497e-01 6.667799999999999727e+02 0.000000000000000000e+00
8.070000000000000506e-01 6.714139999999999873e+02 0.000000000000000000e+00
8.080000000000000515e-01 6.760359999999999445e+02 0.000000000000000000e+00
8.090000000000000524e-01 6.806449999999999818e+02 0.000000000000000000e+00
8.100000000000000533e-01 6.852419999999999618e+02 0.000000000000000000e+00
8.110000000000000542e-01 6.898269999999999982e+02 0.000000000000000000e+00
8.120000000000000551e-01 6.943970000000000482e+02 0.000000000000000000e+00
8.129999999999999449e-01 6.989539999999999509e+02 0.000000000000000000e+00
8.139999999999999458e-01 7.034980000000000473e+02 0.000000000000000000e+00
8.149999999999999467e-01 7.080259999999999536e+02 0.000000000000000000e+00
8.159999999999999476e-01 7.125399999999999636e+02 0.000000000000000000e+00
8.169999999999999485e-01 7.170380000000000109e+02 0.000000000000000000e+00
8.179999999999999494e-01 7.215209999999999582e+02 0.000000000000000000e+00
8.189999999999999503e-01 7.259880000000000564e+02 0.000000000000000000e+00
8.199999999999999512e-01 7.304389999999999645e+02 0.000000000000000000e+00
8.209999999999999520e-01 7.348740000000000236e+02 0.000000000000000000e+00
8.219999999999999529e-01 7.392920000000000300e+02 0.000000000000000000e+00
8.229999999999999538e-01 7.436920000000000073e+02 0.000000000000000000e+00
8.239999999999999547e-01 7.480750000000000455e+02 0.000000000000000000e+00
8.249999999999999556e-01 7.524400000000000546e+02 0.000000000000000000e+00
8.259999999999999565e-01 7.567870000000000346e+02 0.000000000000000000e+00
8.269999999999999574e-01 7.611150000000000091e+02 0.000000000000000000e+00
8.279999999999999583e-01 7.654249999999999545e+02 0.000000000000000000e+00
8.289999999999999591e-01 7.697150000000000318e+02 0.000000000000000000e+00
8.299999999999999600e-01 7.739869999999999663e+02 0.000000000000000000e+00
8.309999999999999609e-01 7.782380000000000564e+02 0.000000000000000000e+00
8.319999999999999618e-01 7.824700000000000273e+02 0.000000000000000000e+00
8.329999999999999627e-01 7.866820000000000164e+02 0.000000000000000000e+00
8.339999999999999636e-01 7.908730000000000473e+02 0.000000000000000000e+00
8.349999999999999645e-01 7.950430000000000064e+02 0.000000000000000000e+00
8.359999999999999654e-01 7.991929999999999836e+02 0.000000000000000000e+00
8.369999999999999662e-01 8.033210000000000264e+02 0.000000000000000000e+00
8.379999999999999671e-01 8.074279999999999973e+02 0.000000000000000000e+00
8.389999999999999680e-01 8.115130000000000337e+02 0.000000000000000000e+00
8.399999999999999689e-01 8.155769999999999982e+02 0.000000000000000000e+00
8.409999999999999698e-01 8.196180000000000518e+02 0.000000000000000000e+00
8.419999999999999707e-01 8.236369999999999436e+02 0.000000000000000000e+00
8.429999999999999716e-01 8.276340000000000146e+02 0.000000000000000000e+00
8.439999999999999725e-01 8.316069999999999709e+02 0.000000000000000000e+00
8.449999999999999734e-01 8.355579999999999927e+02 0.000000000000000000e+00
8.459999999999999742e-01 8.394859999999999900e+02 0.000000000000000000e+00
8.469999999999999751e-01 8.433909999999999627e+02 0.000000000000000000e+00
8.479999999999999760e-01 8.472720000000000482e+02 0.000000000000000000e+00
8.489999999999999769e-01 8.511290000000000191e+02 0.000000000000000000e+00
8.499999999999999778e-01 8.549629999999999654e+02 0.000000000000000000e+00
8.509999999999999787e-01 8.587730000000000246e+02 0.000000000000000000e+00
8.519999999999999796e-01 8.625589999999999691e+02 0.000000000000000000e+00
8.529999999999999805e-01 8.663210000000000264e+02 0.000000000000000000e+00
8.539999999999999813e-01 8.700579999999999927e+02 0.000000000000000000e+00
8.549999999999999822e-01 8.737709999999999582e+02 0.000000000000000000e+00
8.559999999999999831e-01 8.774589999999999463e+02 0.000000000000000000e+00
8.569999999999999840e-01 8.811230000000000473e+02 0.000000000000000000e+00
8.579999999999999849e-01 8.847619999999999436e+02 0.000000000000000000e+00
8.589999999999999858e-01 8.883759999999999764e+02 0.000000000000000000e+00
8.599999999999999867e-01 8.919650000000000318e+02 0.000000000000000000e+00
8.609999999999999876e-01 8.955289999999999964e+02 0.000000000000000000e+00
8.619999999999999885e-01 8.990679999999999836e+02 0.000000000000000000e+00
8.629999999999999893e-01 9.025819999999999936e+02 0.000000000000000000e+00
8.639999999999999902e-01 9.060710000000000264e+02 0.000000000000000000e+00
8.649999999999999911e-01 9.095339999999999918e+02 0.000000000000000000e+00
8.659999999999999920e-01 9.129719999999999800e+02 0.000000000000000000e+00
8.669999999999999929e-01 9.163840000000000146e+02 0.000000000000000000e+00
8.679999999999999938e-01 9.197709999999999582e+02 0.000000000000000000e+00
8.689999999999999947e-01 9.231330000000000382e+02 0.000000000000000000e+00
8.699999999999999956e-01 9.264690000000000509e+02 0.000000000000000000e+00
8.709999999999999964e-01 9.297799999999999727e+02 0.000000000000000000e+00
8.719999999999999973e-01 9.330639999999999645e+02 0.000000000000000000e+00
8.729999999999999982e-01 9.363239999999999554e+02 0.000000000000000000e+00
8.739999999999999991e-01 9.395579999999999927e+02 0.000000000000000000e+00
8.750000000000000000e-01 9.427659999999999627e+02 0.000000000000000000e+00
8.760000000000000009e-01 9.459479999999999791e+02 0.000000000000000000e+00
8.770000000000000018e-01 9.491059999999999945e+02 0.000000000000000000e+00
8.780000000000000027e-01 9.522369999999999663e+02 0.000000000000000000e+00
8.790000000000000036e-01 9.553429999999999609e+02 0.000000000000000000e+00
8.800000000000000044e-01 9.584239999999999782e+02 0.000000000000000000e+00
8.810000000000000053e-01 9.614790000000000418e+02 0.000000000000000000e+00
8.820000000000000062e-01 9.645080000000000382e+02 0.000000000000000000e+00
8.830000000000000071e-01 9.675119999999999436e+02 0.000000000000000000e+00
8.840000000000000080e-01 9.704909999999999854e+02 0.000000000000000000e+00
8.850000000000000089e-01 9.734450000000000500e+02 0.000000000000000000e+00
8.860000000000000098e-01 9.763730000000000473e+02 0.000000000000000000e+00
8.870000000000000107e-01 9.792759999999999536e+02 0.000000000000000000e+00
8.880000000000000115e-01 9.821539999999999964e+02 0.000000000000000000e+00
8.890000000000000124e-01 9.850069999999999482e+02 0.000000000000000000e+00
8.900000000000000133e-01 9.878350000000000364e+02 0.000000000000000000e+00
8.910000000000000142e-01 9.906380000000000337e+02 0.000000000000000000e+00
8.920000000000000151e-01 9.934160000000000537e+02 0.000000000000000000e+00
8.930000000000000160e-01 9.961689999999999827e+02 0.000000000000000000e+00
8.940000000000000169e-01 9.988970000000000482e+02 0.000000000000000000e+00
8.950000000000000178e-01 1.001600000000000023e+03 0.000000000000000000e+00
8.960000000000000187e-01 1.004279999999999973e+03 0.000000000000000000e+00
8.970000000000000195e-01 1.006940000000000055e+03 0.000000000000000000e+00
8.980000000000000204e-01 1.009570000000000050e+03 0.000000000000000000e+00
8.990000000000000213e-01 1.012169999999999959e+03 0.000000000000000000e+00
9.000000000000000222e-01 1.014759999999999991e+03 0.000000000000000000e+00
